    847423    161535
    611315    560757
    335235    180161
    282066    560178
    184570    360446
    165104    543395
    847644    164348
    625728    579460
    846646    548548
    674463    862486
    867993    162841
    587478    424878
    292872    896822
    277512    151920
    603855    575180
    865754    723314
    672212    860894
    418636    440000
    345840    561591
    549642    157506
    643965    366316
    172690    847721
    823589    728083
    377870    377550
    410506    395586
    679242    853941
    107160    530936
    487472    166999
    849537    157510
    865113    161302
    627452    835854
    900360    153622
    330482    571217
    437035    755506
    551867    170425
    153607    379395
    236495    861569
    188424    849785
    295537     91032
    358312    559466
    196795    190277
    502302    210265
    140047    540043
    601967    604428
    140612    350010
    805658    698630
    779936    774397
    152331    529689
    618869    577243
    862642    159379
    626700    401688
    810502    336169
    444816    409502
    619445    567491
    803216    577565
    250394    847577
    674905    876286
    315333    144566
    604737    574591
    625919    402984
    808440    729985
    708262    945359
    810460    735109
    138449    555969
    822670    689090
    291782    159562
    295537     91032
    281971    825246
    205919    844377
    335970    846828
    350480    214608
    220869    407358
    562777    437516
    810543    341180
    603855    575180
    804251    329956
    416855    794023
    756701    207223
    431117    394746
    603145    574795
    812942     85345
    860845    155375
    860870    546516
    546565    151576
    294275    174786
    837676    148639
    843833    170416
    184798    392233
    155899    561715
    683156    877209
    596891    579476
    932662    537069
    837676    148639
    515450    173220
    353979    578923
    782506    279930
    394018    799506
    846575    159002
    862534    547936
    221002    870506
    558478    213316
    825429    732758
    617573    386848
    818063    797960
    602887    595245
    803962    731228
    155508    372355
    671919    571761
    809623    734937
    787644    297715
    800272    316170
    609796    532982
    270201    236813
    852267    498220
    507786    199578
    874544    686096
    469404    181944
    584938    344365
    341137     78287
    132705    557674
    446307    796523
    641902    755287
    502355    164119
    400538    407020
    801539    318482
    588964    597435
    461701    188438
    587478    424878
    824185    167369
    800133    327081
    163477    561507
    324337    162686
    820194    734233
    408147    436628
    368363    409733
    594720    848457
    658219    436184
    294326    807584
    125675    360158
    242247    864253
    434815    388041
    872247    494281
    835804    710711
    880362    706363
    321517    569562
    323905    168029
    616060    590779
    392576    406460
    427810    400178
    436034    385951
    353951    133923
    400468    405703
    595063    328609
    872057    122354
    151099    518008
    431117    394746
    340383    600071
    718088    852181
    876408    183646
    801093    317509
    540196    180312
    852503    146551
    267264    153034
    615342    413931
    683048    937776
    802254    320673
    677404    883871
    597173    575538
    368200    364844
    343717    559909
    797242    324588
    499009    205823
     80673    566893
    802738    312234
    434815    388041
    722463    882675
    887780    536497
    804408    337683
    201753    569116
    827192    785316
    617764    397102
    669638    842011
    576965    187481
    516888    152451
    809054    345541
    324952    565867
    528679    199079
    850453    155432
    797205    313318
    625784    441883
    830620    117906
    378697    591764
    801174    320442
    838142    156770
    606506    766728
    334529    166765
    448231    384406
    336549    565597
    256082    831969
    877906    722361
    791199    164843
    841353    125628
    240308    844341
    427371    819417
    388873    746909
    504511    149234
    148319    584541
    318823    565345
    821259    750089
    244799    841688
    198415    321418
    571570    375257
    414317    828815
    211584    591058
    310944    559497
    788351    737539
    672818    881943
    524502    248106
    128788    546091
    138734    557713
    411488    837715
    345840    561591
    468350    395883
    533577    355107
    635242    356290
    521006    163218
    786234    267976
    454160    102568
    883062    547498
    416359    786189
    281732    221764
    613840    534167
    812634    554848
    321245    141627
    846082    541026
    806848    320541
    559076    190770
    338717    181582
    357466    354094
    840357    169437
    507741    178883
    658103    572250
    667280    765619
    791355    529644
    261622    869706
    228611    836717
    672059    860501
    510414    142485
    190634    357254
    332116    594868
    355924    577596
    533775    163036
    825690    703854
     97430    598804
    884326    479802
    385183    556284
    632546    389750
     94571    528963
    787336    144875
    608557    590278
    659046    930099
    168284    309036
    618869    398187
    433463    410297
    604415    571400
    139978    587153
    856619    544008
    533566    214619
    266977    887963
    325360    134919
    242415    844335
    789388    712210
    810543    341180
    834036    144156
    119386    620549
    344364    213940
    874125    543036
    427850    762201
    846741    539481
    600202    622079
    298800    824277
    888892    702505
    143732    279724
    786935    732999
    407833    402474
    855969    193497
    325861    203058
    618446    372298
    534461    178056
    446538    180119
    237689    839510
    107965    535173
    460198    402706
    235901    856563
    287127    192494
    202175    495076
    467144    147308
    860473    545982
    626811    372435
    147663    555514
    836433    200181
    866878    501919
    679818    860064
    439793    740773
    482568    159010
    615934    426539
    885764    151791
    377858    811790
    410336    767856
     48143    523870
    850153    155701
    520782    134308
    329002    727685
    405350    762342
    315333    144566
    402851    395579
    829133    735488
    801634    318965
     84501    604671
    180493    319750
    537514    179689
    817640    730018
    705929    851313
    347197    591316
     77109    512651
    258779    106777
    801080    318049
    383022    409854
    396276    785999
    849343    713993
    594010    570095
    795571    310093
    315670    160928
    304376    222294
    533566    214619
    465734    114090
    613840    534167
    173908    362098
    207552    772091
    430243    781020
    467697    168082
    486034    196122
    730887    825972
    142516    559062
    860563    534839
    302353    545544
    551867    170425
    591484    571087
    730383    879136
    398629    401626
    417231    381303
    793892    313943
    807072    687932
    192885    887667
    144325    538991
    335918    566525
    155274    552551
    825997    730652
    193502    557364
    596179    529556
    668567    856554
    608923    385575
    795527    315510
    844357    163402
    148915    338914
    841130    529745
    849938    156042
    172756    612694
    137657    611252
    339732    163158
    340996    170964
    868493    677155
    129030    588495
    401240    354085
    336585    420977
    469782    780552
    231263    863308
    507862    172954
    377758    413906
    576965    187481
    850790    525740
    838129    404012
    382396    405483
    600007    377908
    338205    566246
    416884    786845
    858537    548576
    394846    407130
    510739    121103
    282622    879222
    178005    594957
    324488    180658
    477901    173288
    233931    838374
    142563    560090
    618157    384990
    816955    747629
    139299    314046
    500589    181466
    411171    426853
    373917    427628
    342064    570045
    649412    856993
    415895    775793
    900991    497149
    389279    424006
    682100    853708
    115781    594942
    695010    449565
    414249    796590
    347406    155708
    366934    581294
    805035    317469
    389868    410718
    167262    399527
    407334    445969
    338588    543875
    338634    564414
    639502    371440
    878749    188759
    154964    554923
    806626    318966
    261896    897475
    332237    911313
    413241    771595
    270404    183080
    502877    192740
    616468    394118
    797947    319734
    802004    317772
    730887    825972
    321522    163852
    617444    397675
    349378    805118
    179811    342089
    246047    846189
    198415    321418
    220156    589643
    225786    529417
    216846    737568
    486224    196184
    678869    902492
    841289    701474
    481067    172555
    390182    360941
    343997    585193
    594010    570095
    513181    177419
    170425    316185
    235337    831592
    344237    573700
    672474    868765
    280110    522025
    144570    573936
    298979    774144
    601967    604428
    673514    390760
    265299    859533
    682100    853708
    363437     77975
    858325    586062
    473316    162622
    248570    843156
    781260    737962
    441415    780207
    841843    503359
    138884    529162
    700098    894685
    857283    548467
    514981    172608
    868375    161990
    790149    565157
    160369    353500
    222682    806314
    604703    392288
    664159    550946
    273165    852766
    860606    152843
    506069    169723
    231781    799444
    504373    165819
    325938    164475
    593865    572987
    854342    541611
    442979    803024
    130201    562734
    215243    289985
    434080    785264
    778414    260729
    586242    396484
    169876    340860
    182435    365508
    460942    779073
    446537    828924
    848586    789052
    801232    307078
    433463    410297
    608298    573748
    603472    894573
    791470    751113
