13.60
14.90
30.80
26.40
8.70
19.30
16.50
19.60
20.40
30.50
14.10
21.70
20.30
14.10
22.60
29.60
50.00
19.50
27.10
25.00
20.90
17.40
24.20
20.00
29.60
15.20
20.20
21.70
21.20
17.00
22.50
34.90
18.90
17.90
20.10
23.00
22.20
22.40
31.60
36.10
17.10
20.90
21.20
22.20
15.00
50.00
17.80
20.00
23.20
22.90
14.80
24.10
11.30
20.30
12.70
7.20
11.90
27.50
13.50
23.30
19.10
12.00
19.40
43.80
19.30
24.60
28.50
18.90
24.80
27.10
36.20
23.70
24.70
30.10
13.90
16.30
38.70
15.30
21.60
24.80
19.40
36.50
50.00
35.20
28.10
13.40
19.50
11.80
21.50
22.00
17.40
32.00
23.10
24.00
13.60
33.40
29.00
12.70
23.20
20.20
21.70
13.40
21.40
11.50
25.00
15.60
17.50
18.90
20.50
30.70
23.30
33.10
29.80
19.70
28.20
34.60
22.60
25.00
31.10
42.30
14.10
13.20
8.50
22.00
13.00
11.70
18.40
19.10
10.20
30.30
48.30
23.40
23.10
18.60
50.00
28.70
14.60
13.10
19.60
25.00
19.40
7.20
16.00
22.90
21.20
28.40
16.80
22.00
35.40
23.10
5.00
17.80
16.60
19.30
22.40
19.90
24.30
20.60
50.00
18.70
20.50
15.40
31.50
18.80
28.70
23.10
26.40
22.80
21.50
15.60
34.90
21.70
14.30
17.60
21.90
12.60
17.10
13.30
12.30
24.10
26.60
50.00
24.40
25.00
8.80
13.80
22.90
23.00
23.60
21.20
37.20
22.10
23.70
19.20
10.50
35.40
19.30
20.60
8.30
23.90
23.10
8.50
21.40
7.50
23.20
24.40
11.00
19.10
36.40
50.00
16.20
22.80
20.70
15.10
13.80
20.50
17.20
23.90
9.70
17.40
11.90
14.90
26.60
26.20
23.40
5.60
32.20
13.80
8.40
8.40
18.50
25.00
16.80
15.00
9.50
23.10
37.90
20.60
44.80
34.70
23.80
14.40
18.20
23.90
25.10
41.30
34.90
19.00
19.40
15.20
28.70
10.90
31.60
17.30
24.70
29.90
16.40
31.00
22.80
16.50
16.70
50.00
37.30
18.50
14.90
21.70
27.50
22.70
16.70
20.60
32.40
37.60
18.80
25.00
23.70
6.30
23.30
32.90
8.30
17.20
17.80
27.50
13.80
35.10
18.90
28.60
8.80
15.00
17.50
22.20
22.60
17.50
18.40
31.70
33.80
15.70
19.80
18.60
33.40
26.50
22.30
16.10
24.50
36.00
14.60
20.00
44.00
16.10
50.00
19.20
23.00
19.90
29.10
20.40
33.30
24.50
48.50
20.80
29.10
48.80
45.40
21.40
13.10
46.70
14.50
33.20
21.40
27.90
22.20
43.10
18.40
15.60
20.70
50.00
15.40
14.00
23.90
5.00
22.30
19.00
31.20
24.30
12.70
27.50
15.60
21.20
24.40
20.30
19.90
36.20
24.00
19.60
25.20
13.10
21.00
22.00
7.40
17.80
27.90
21.90
18.20
20.30
19.40
13.40
20.10
17.80
13.30
10.40
20.40
26.60
21.00
23.20
21.80
20.60
29.00
33.10
23.90
21.10
20.00
10.20
13.30
24.30
13.40
23.50
29.40
21.70
11.70
11.80
32.50
15.60
22.60
18.30
10.80
13.80
12.10
23.80
17.10
24.60
20.10
30.10
16.10
14.30
43.50
19.60
17.70
20.60
23.80
18.30
16.20
19.80
22.50
7.20
18.70
20.00
24.40
23.80
15.20
39.80
19.50
22.00
19.80
50.00
20.80
21.60
18.50
18.10
33.20
26.70
24.80
25.00
50.00
18.70
12.50
18.20
23.30
30.10
22.80
10.50
18.50
21.10
13.90
21.40
23.60
42.80
31.50
13.10
18.00
22.90
7.00
24.70
32.00
20.40
8.10
46.00
19.60
41.70
21.80
20.80
20.10
22.60
27.00
20.10
33.00
7.00
13.50
24.50
22.00
22.00
19.50
22.50
14.40
50.00
12.80
19.90
19.10
24.80
10.90
21.00
14.50
50.00
16.60
9.60
14.50
21.90
10.20
23.70
22.70
25.30
29.80
28.00
32.70
23.00
23.10
14.20
22.20
50.00
24.10
50.00
17.20
10.40
19.70
28.40
19.40
21.70
19.30
37.00
